$T	$I A	$I B	$I C	$I D	$I E
0 	0	0	0	0	0
100 	0	0	0	0	1
200 	0 	0 	0 	1 	1
300 	0 	0 	0 	1 	0
400	0 	0 	1 	1 	0
500 	0 	0 	1 	1 	1
600 	0 	0 	1 	0 	1
700 	0 	0 	1 	0 	0
800 	0 	1 	1 	0 	0
900 	0 	1 	1 	0 	1
1000 	0 	1 	1 	1 	1
1100 	0 	1 	1 	1 	0
1200 	0 	1 	0 	1 	0
1300 	0 	1 	0 	1 	1
1400 	0 	1 	0 	0 	1
1500 	0 	1 	0 	0 	0
1600 	1 	1 	0 	0 	0
1700 	1 	1 	0 	0 	1
1800 	1 	1 	0 	1 	1
1900 	1 	1 	0 	1 	0
2000 	1 	1 	1 	1 	0
2100 	1 	1 	1 	1 	1
2200 	1 	1 	1 	0 	1
2300 	1 	1 	1 	0 	0
2400 	1 	0 	1 	0 	0
2500 	1 	0 	1 	0 	1
2600 	1 	0 	1 	1 	1
2700 	1 	0 	1 	1 	0
2800 	1 	0 	0 	1 	0
2900 	1 	0 	0 	1 	1
3000 	1 	0 	0 	0 	1
3100 	1 	0 	0 	0 	0